4.91746288276197613692 
4.86070647846171132861 
4.80597666477292522132 
4.75322577317980001295 
4.70241057849283816236 
4.65349208373923790685 
4.60643532510449528362 
4.56120919512121916374 
4.51778628248388026448 
4.47614272703082907556 
4.43625808858026777906 
4.39811522843747079080 
4.36170020250866084700 
4.32700216506457075205 
4.29401328229566494578 
4.26272865489290218471 
4.23314624897429006826 
4.20526683475968970673 
4.17909393247564214362 
4.15463376504957786303 
4.13189521722971827218 
4.00033312997138600204 
4.00241180833953426227 
4.00639694265200266674 
4.01229256940290965319 
4.02010468261656397857 
4.02984126597056894302 
4.04151233553111786431 
4.05512999329150279570 
4.07070849175881134182 
4.08826430989254757354 
4.10781624076349382234 
4.12938549137258679988 
4.15299579514902988789 
4.17867353773549700466 
4.20644789676739496542 
4.23635099646415898762 
4.26841807797503474727 
4.30268768656151821623 
4.33920187685558590845 
4.37800643760934487599 
4.41915113755040243673 
4.46268999418115576598 
4.50868156761288627512 
4.55718928181116540769 
4.60828177595250223005 
4.66203328895910474283 
4.71852408069581730600 
4.77784089378868020928 
4.84007746056753006902 
4.90533506025675753739 
4.97372313225198910332 
5.04535995214180931312 
5.12037337808147922421 
5.19890167622241583049 
5.28109443517393970139 
5.36711358095490870903 
5.45713450562146505175 
5.55134732478058707908 
5.64995828157495526230 
5.75319131752286501612 
5.86128983390319916021 
5.97451867129492405382 
6.09316633954269753569 
6.21754753598516637167 
6.34800599644937824715 
3.57161069252959064625 
3.51608852596009908236 
3.46276614252827744904 
3.41150617449867058766 
2.10413606953403533497 
2.07808340368291366530 
2.05286138919961155545 
2.02842006751707954041 
2.00471319970610649479 
1.98169792362910897112 
1.95933444825340321146 
1.93758578052670992705 
1.91641748085756976936 
7.59930495338969927077 
7.51283988299293113437 
7.42979438030052824861 
5.09981089470626895275 
5.04483922570274142907 
2.82360588060097635914 
2.79331713427272527228 
2.76385975150604993199 
2.73519850714179878463 
2.70730053958322037706 
2.68013519486343531074 
3.67127679848351789611 
